290 384 41 284 386 75 405 354 9
74 174 211 59 150 192 189 143 180
158 280 235 295 274 194 272 249 203
284 386 75 273 383 108 398 355 43
93 200 226 74 174 211 207 169 194
286 353 -57 392 304 -117 401 322 -89
135 253 238 272 249 203 249 223 206
277 334 -85 379 282 -141 392 304 -117
113 227 235 249 223 206 227 196 203
46 128 167 173 119 160 160 98 136
265 313 -109 277 334 -85 379 282 -141
31 84 75 33 78 41 145 54 43
188 209 -155 280 152 -184 303 178 -187
286 353 -57 292 367 -26 401 322 -89
37 110 139 32 95 108 151 79 107
231 263 -143 325 205 -184 345 232 -175
59 150 192 189 143 180 173 119 160
277 334 -85 286 353 -57 392 304 -117
32 95 108 31 84 75 146 64 76
210 236 -152 303 178 -187 325 205 -184
231 263 -143 249 288 -129 345 232 -175
40 76 7 50 80 -26 154 46 -24
143 158 -143 235 105 -161 257 127 -175
31 84 75 146 64 76 145 54 43
210 236 -152 231 263 -143 325 205 -184
50 80 -26 64 87 -57 164 49 -57
121 135 -129 214 85 -141 235 105 -161
33 78 41 145 54 43 147 47 9
188 209 -155 210 236 -152 303 178 -187
64 87 -57 80 99 -85 178 57 -89
64 87 -57 164 49 -57 178 57 -89
143 158 -143 166 183 -152 257 127 -175
100 116 -109 121 135 -129 214 85 -141
121 135 -129 143 158 -143 235 105 -161
290 384 41 407 348 -24 405 354 9
203 327 211 338 316 160 317 297 180
260 375 139 243 363 167 374 344 107
135 253 238 113 227 235 249 223 206
293 378 7 406 337 -57 407 348 -24
181 305 226 317 297 180 295 274 194
273 383 108 260 375 139 388 352 76
113 227 235 93 200 226 227 196 203
243 363 167 374 344 107 357 332 136
100 116 -109 195 69 -117 214 85 -141
40 76 7 147 47 9 154 46 -24
166 183 -152 188 209 -155 280 152 -184
80 99 -85 100 116 -109 195 69 -117
260 375 139 388 352 76 374 344 107
273 383 108 398 355 43 388 352 76
80 99 -85 178 57 -89 195 69 -117
50 80 -26 154 46 -24 164 49 -57
181 305 226 158 280 235 295 274 194
224 347 192 357 332 136 338 316 160
293 378 7 290 384 41 407 348 -24
203 327 211 181 305 226 317 297 180
284 386 75 405 354 9 398 355 43
224 347 192 203 327 211 338 316 160
59 150 192 46 128 167 173 119 160
265 313 -109 363 258 -161 379 282 -141
93 200 226 227 196 203 207 169 194
292 367 -26 293 378 7 406 337 -57
46 128 167 37 110 139 160 98 136
249 288 -129 345 232 -175 363 258 -161
74 174 211 207 169 194 189 143 180
243 363 167 224 347 192 357 332 136
158 280 235 135 253 238 272 249 203
292 367 -26 401 322 -89 406 337 -57
37 110 139 160 98 136 151 79 107
249 288 -129 265 313 -109 363 258 -161
33 78 41 40 76 7 147 47 9
166 183 -152 257 127 -175 280 152 -184
32 95 108 151 79 107 146 64 76
